381
-398
-406
275
992
22
241
589
-367
-419
209
-215
413
-420
895
299
-840
262
177
710
-324
-458
729
-727
-84
37
-277
761
-883
-594
-123
712
-497
-805
-85
694
-605
-196
-261
-826
-968
-949
-430
564
-942
-725
218
559
-155
-775
-646
43
-171
-204
405
-664
-358
-429
42
-537
-155
-236
859
-675
-424
-405
487
257
-812
-572
-675
-98
-449
395
-603
915
174
-246
-499
-819
627
489
738
-345
857
-41
868
-751
-935
875
879
504
257
-524
640
782
821
-665
809
679
-784
-599
686
-947
-961
-207
88
-893
-873
841
677
103
-962
-679
-648
604
-16
465
439
-848
-330
658
-394
665
-349
-213
-843
-632
528
270
976
-938
390
-357
871
-916
913
91
-470
-667
377
-792
816
-421
-823
650
793
-226
345
275
-153
-77
-636
-17
211
551
631
350
-330
-200
-49
141
669
742
-672
838
-521
-816
-36
773
438
636
-29
664
453
-944
576
-921
531
527
931
-313
223
-493
317
-355
458
926
926
907
907
-147
-785
-333
-434
947
-6
-432
-876
-197
821
-179
976
-833
-673
877
-760
140
778
-451
-123
-22
775
785
-16
-255
902
972
-558
-524
-54
-362
176
386
-262
-744
-979
46
-521
-82
-901
76
462
-285
-150
-225
-605
-831
969
87
-345
486
833
974
633
-209
85
612
-967
-873
509
-428
52
-772
551
-561
307
175
-852
525
478
554
861
792
-443
235
512
106
-630
-753
-572
62
-947
455
-613
542
-793
109
-281
-472
-613
-322
300
67
-176
-44
706
960
-611
151
-467
589
154
129
-531
-346
130
-612
-644
123