805
884
-759
679
689
-93
-475
587
595
-370
-377
245
-898
679
778
839
885
587
76
-176
-573
316
-327
40
-913
-911
-46
874
-572
901
677
851
136
-675
-937
-56
266
-666
-678
-22
-125
764
775
432
644
883
220
343
-921
-367
-545
-732
507
387
443
-663
-867
815
594
116
-58
771
253
-141
927
-641
-771
781
-960
-832
854
-742
-763
-102
-483
-140
766
337
-434
347
-351
696
-663
-155
760
794
-462
340
341
217
-58
706
-506
716
-29
377
189
-39
991
129
472
-530
-287
-391
-893
-649
-557
-794
338
-103
-482
-70
156
437
534
-665
-595
568
-740
738
221
228
-468
938
140
691
639
-618
-179
558
40
842
-592
-845
145
-829
85
-724
-214
866
-354
-367
-258
566
-111
111
774
-420
1000
470
-2
708
-884
-657
377
888
194
614
964
-49
-727
116
-238
992
-93
-82
-918
620
223
392
169
879
156
970
-306
451
334
-265
533
-639
792
887
799
-731
90
-838
301
-35
-62
554
955
657
701
-659
315
512
-766
-824
767
-504
511
-664
805
-585
137
729
940
-108
384
995
-741
380
408
958
-896
-663
-320
-146
-283
527
426
-399
-137
837
-262
305
-655
-152
-57
-147
-376
348
888
-320
956
515
-524
630
650
-79
-554
724
-340
365
-270
-884
432
-68
-796
698
-635
749
634
89
292
-609
637
564
-927
486
505
966
248
447
-952
918
140
-689
-493
-917
123
607
266
502
-730
471
-547
-329
741
-37
415
961
883
-82
-651
848
239
-572
-202
376
-676
-750
25
-681
-180
-597
-567
530
-977
723
745
973
317
327
-340
221
326
851
305
-84
-808
473
-115
-615
663
-13
-224
-729
225
-217
-241
-671
-1000
-797
-968
951
469
-736
-958
102
783
139
470
259
-547
14
524
-552
-393
-36
-286
-800
551
-120
-478
197
-57
323
-194
772
-536
73
192
390
-681
228
-566
-452
479
-16
274
307
-189
57
785
-873
122
485
369
-977
29
-574
260
900
-237
-88
-704
983
556
-206
-22
157
-598
363
484
683
-433
-783
-773
756
568
222
-878
-190
-640
301
-265
-16
-494
95
790
831
523
-520
-133
968
87
-858
-967
355
-466
-274
-515
312
969
225
488
709
-345
912
-110
270
510
949
158
-684
-547
805
733
-525
-457
-168
301
839
714
434
-723
458
758
0
-496
-442
236
11
339
452
242
-523
4
-199
-255
379
-142
294
-892
495
-420
-920
-385
-800
-705
2
-782
-767
53
4
110
-521
-796
-991
152
379
-706
-402
43
-750
-596
569
-304
804
583
-740
-420
-563
-61
218
844
697
965
-550
826
944
-162
-973
56
465
-484
631
-971
-444
-445
-179
-958
761
33
544
-868
799
893
444
706
595
-419
-405
-947
-69
640
-335
-80
6
-574
695
-811
-88
807
-741
-910
-851
-837
-706
361
-944
-719
669
580
-536
-217
521
260
580
452
-675
-925
510
-767
411
-148
294
450
246
-964
-413
347
-796
-30
930
-665
-782
-639
991
442
175
-318
279
-380
730
-201
230
-278
-954
989
932
78
40
818
659
297
385
751
107
57
581
610
-399
-741
-407
-381
-807
429
-352
535
-823
-638
-164
-749
325
-868
-27
-110
-752
876
835
233
-821
848
307
705
329
360
544
-620
-502
-154
-285
54
-922
-392
497
150
575
705
-731
-810
839
-166
346
928
-178
100
-774
125
731
604
474
-99
-267
348
-74
892
-602
32
767
-632
905
696
12
-349
281
-711
120
331
-787
-613
548
528
684
-258
-336
-900
653
400
619
-72
514
576
380
59
387
925
-257
182
165
-208
694
-686
890
670
546
-150
608
-610
955
-848
-276
35
100
-761
-581
323
977
242
429
702
115
402
152
-67
-321
-788
93
625
-664
410
-165
-21
739
966
-559
-537
-23
58
-663
-466
-376
943
-388
-211
-47
-382
263
257
936
-898
720
-941
153
43
-29
-244
-746
-740
-345
-840
-863
756
-162
523
-553
61
708
-976
587
-538
-910
848
-37
544
814
-440
-331
-10
453
415
-973
-621
-59
358
131
878
-612
-762
85
-759
597
926
169
-879
-189
243
-963
-552
-206
-883
318
357
-149
-805
691
750
588
-880
-609
-572
791
973
928
-612
792
769
-897
-934
-625
-724
-981
676
422
-429
133
30
146
917
998
480
-415
815
-532
-939
938
907
432
-967
790
-969
-515
663
-195
-726
293
-950
169
-810
498
259
-856
-815
4
-488
-331
123
992
-849
793
706
704
-997
-188
-951
-33
893
856
899
139
-663
-448
-849
-892
875
-410
-718
856
-376
975
-222
852
-450
-482
-980
-736
176
372
509
16
-628
-102
-294
-777
685
-944
679
-33
347
-860
483
-10
371
-777
-258
796
-722
-312
681
588
436
-413
584
-874
-933
581
-539
-302
-61
-674
-34
-969
55
805
480
-162
-874
749
28
-746
-974
-553
833
134
740
725
-275
72
456
-701
873
-496
-399
-596
-427
648
-502
-315
37
966
477
-703
894
778
-995
986
-932
-697
407
-230
68
981
361
-755
338
-16
-954
390
279
-354
-55
468
692
702
471
-339
-957
42
397
576
878
-863
98
564
-52
18
205
769
-551
98
176
-832
578
169
-666
675
72
-690
-785
959
-248
-51
-906
955
663
-665
-34
968
-240
356
376
-98
473
-94
-100
475
889
-424
-400
-349
982
134
486
-67
795
979
832
-703
215
-86
480
858
664
534
-736
-673
-100
-451
-335
-971
706
-224
-418
529
723
-275
113
-361
-697
-318
380
-892
-865
-663
-587
952
-466
-109
570
-567
-548
695
-162
598
-193
235
622
-193
-199
296
-466
651
518
-429
-934
-605
946
361
-455
539
-538
134
874
-4
612
-979
998
-512
-681
906
-970
-662
-554
-803
-702
-840
88
14
-373
57
576
201
211
630
-716
-50
283
181
-511
273
-715
951
83
207
858
617
838
933
313
258
234
-680
935
685
42
-552
773
-823
73
-65
-247
282
975
-715
876
-675
-790
-223
-899
231
183
446
-492
-651
947
-676
-571
-606
-580
16
-973
-360
-200
-129
-293
-457
-925
-169
966
903
573
287
812
543
-927
622
995
721
847
533
-726
886
251
269
279
728
619
-735
-311
-754
49
260
288
750
-757
-371
-143
679
-532
-453
-975
714
-321
217
393
-90
-346
934
-446
-431
-182
-561
76
-585
-728
631
-713
631
-554
-542
694
587
210
-376
69
-669
-487
158
996
780
-633
740
-337
-862
896
-520
-642
-714
-491
-310
501
-366
359
-609
75
341
-646
776
-620
-267
-143
-771
-832
-307
-226
187
10
-488
779
549
997
-203
973
-228
-67
-817
141
-115
477
-587
-118
397
583
886
-476
855
-287
-651
401
42
474
-294
-495
-929
882
-31
915
607
344
924
-647
-293
-61
-738
-579
701
-279
659
705
801
316
-964
945
-825
-963
-234
-724
-331
470
-902
-46
550
-925
585
-413
-855
404
-865
-654
144
625
-71
-778
-373
-672
-432
210
712
135
726
-337
-224
380
30
-296
-951
-724
-153
-821
268
83
953
142
424
16
-367
355
-344
624
-554
-96
129
695
244
-334
-756
871
-304
-898
501
-86
875
600
-140
595
-494
-16
-715
75
-141
588
719
-73
-17
240
28
-598
491
324
-714
-616
-455
248
150
-114
-442
857
-922
636
514
705
277
814
-701
-495
566
301
579
159
-72
948
-324
-640
-455
-104
-583
864
3
-459
-740
312
-191
-507
-697
-570
82
-787
-43
-373
-672
535
-424
666
-750
-433
197
444
-122
-530
923
-520
325
851
84
-2
-556
329
-944
-537
964
36
-813
-75
-446
-914
-76
216
-975
-256
-255
-39
-783
-857
314
643
-490
-504
-252
-899
-781
301
-347
-400
-853
625
-142
-384
-200
-368
786
-326
-193
168
-175
-784
-564
569
-704
938
-77
629
-940
218
232
568
873
-131
246
-461
-416
175
171
-950
259
-640
-59
-402
-205
-906
-840
649
765
-64
190
-504
-992
126
882
596
-237
-291
711
179
744
714
570
-575
-737
-277
199
-397
60
-397
77
937
-379
998
455
-789
-259
800
-798
44
-82
290
-911
-738
-640
486
918
-195
-48
-198
793
-378
374
544
-98
143
-542
935
-54
119
425
-557
776
183
227
817
-392
-777
212
284
-346
-743
27
221
20
-943
-43
-81
15
-990
356
-754
518
625
295
458
99
707
-284
369
224
364
-165
-827
43
834
864
354
-523
-828
986
858
192
-429
-929
-721
-422
698
-102
488
-757
664
335
570
-885
-630
162
-296
-791
-515
107
335
-883
-698
111
182
865
-114
-618
-310
-173
-848
780
266
-372
-196
360
-980
-415
-534
722
734
-814
-819
-25
391
-492
178
633
135
313
-282
730
-441
-774
522
721
907
87
-797
-997
-316
-678
257
-948
545
678
774
81
531
-186
-221
-305
-529
-25
-389
916
-240
843
-471
706
-812
-854
238
671
321
-724
539
844
-246
-351
315
64
-896
415
-89
-731
403
944
-579
622
-52
-511
-274
-745
-693
911
272
-481
514
909
401
383
-86
-693
34
545
215
740
-866
-572
-554
930
290
957
330
-451
905
-744
-907
-645
-485
102
333
175
-397
-701
400
355
-97
-7
642
-10
-249
365
-941
-715
567
305
680
719
-398
-174
176
-601
-305
-485
-592
952
-282
-226
44
-45
-255
179
430
-435
367
802
-303
-497
245
-19
-689
706
-285
749
-269
421
-382
152
-735
565
239
846
529
-433
105
864
284
584
650
88
25
-717
-121
230
-155
390
-228
271
993
863
-911
409
678
-263
887
-194
-902
-416
867
-505
-316
-592
-352
-69
737
-708
-40
307
869
955
171
39
-285
-322
-855
-266
495
-178
-369
-991
-904
-325
269
87
-364
897
-573
-321
-118
-555
682
472
33
969
-359
176
753
190
998
331
519
543
39
464
-416
128
527
-452
-642
568
977
-192
366
411
-946
819
-262
-712
238
625
419
546
-224
763
-121
172
-254
589
-113
905
879
369
-357
866
-620
197
-818
482
943
912
217
264
514
103
0
247
339
572
-194
142
-778
-388
-585
882
-89
426
41
185
944
-382
-266
661
46
653
-156
-945
209
178
572
-497
67
840
200
813
-211
889
-980
-374
62
628
463
-97
-630
-657
206
-322
841
385
303
172
-710
620
-93
-268
861
470
95
809
140
-583
-320
-763
140
794
589
-602
-362
69
723
-62
-472
370
-43
751
-226
-810
-514
668
-170
-2
541
548
-438
876
800
-14
-796
878
-194
-708
781
-376
-837
987
92
173
-858
-900
948
-995
-424
611
718
-375
31
869
631
835
48
-237
-372
-55
-42
968
-604
755
88
617
384
-215
769
-254
802
-413
559
-392
-705
-2
391
-515
-631
-153
884
223
85
735
-603
-986
16
256
-988
569
776
916
273
459
202
70
-817
954
482
-782
-763
-125
213
-28
240
35
501
-65
921
322
-397
-392
-43
-98
746
549
623
723
661
363
-378
646
71
-278
866
375
499
500
-889
-51
979
884
598
658
-629
-479
648
-838
692
-391
461
159
-308
-552
240
822
-511
565
736
-932
639
464
163
344
923
-643
807
535
166
-632
734
-284
-650
-672
389
17
-222
558
552
-724
432
-315
-42
-735
-681
741
-976
372
708
924
-253
-200
322
138
-70
202
172
-226
174
-648
-952
343
-713
355
581
658
710
797
399
-783
-217
90
475
725
78
780
928
-127
601
546
179
-154
-730
553
-892
-924
619
-568
166
905
748
42
-447
88
-223
-318
89
313
26
-324
964
-967
-98
-97
734
-193
729
478
891
487
-592
94
-706
-904
262
-745
-700
-615
-746
251
19
-616
659
307
327
-307
-161
-179
-51
-715
-267
-340
151
932
-205
-502
-77
250
-941
251
717
-271
-566
-461
-213
-648
-619
-293
-382
-839
812
423
-867
-433
660
849
260
-63
713
686
-374
-169
-283
483
109
337
104
-87
-22
-237
401
-255
-468
368
568
384
351
261
680
176
-476
-397
630
767
-557
-298
-896
-676
-885
147
-667
-558
-122
-677
-526
645
-349
664
66
282
-64
871
-579
517
-584
-375
-153
-244
61
-416
708
945
-673
962
-668
960
-831
-824
-137
-422
277
301
486
738
607
298
-138
945
-626
940
336
769
968
-658
-205
-275
-126
479
-168
802
-738
-39
517
-228
-336
188
797
-90
216
-169
-2
-499
87
479
773
780
260
936
938
333
315
-582
-133
-775
625
-27
-381
-569
-431
-918
853
526
244
-971
526
858
-211
549
20
-797
975
-164
421
-14
305
-801
953
260
751
-381
445
-944
918
-471
336
377
-356
426
-95
-109
887
857
-517
-145
-298
-894
74
388
319
-167
825
73
454
-669
462
456
602
-217
736
360
-895
-866
273
-301
961
842
202
-579
-527
-321
169
840
-159
-415
-829
817
-601
-638
6
-150
-604
891
-179
-99
-881
-168
-933
39
-725
125
-417
-452
13
-467
712
-385
-453
462
-589
23
-95
936
256
152
58
-407
-663
92
-970
-813
218
-706
590
-89
-843
156
69
-370
-776
-752
-373
345
-243
-552
666
907
372
-793
-583
-801
807
-581
-862
-266
-874
-603
971
-868
242
308
365
866
-330
-664
732
-264
-891
596
-784
814
712
-824
-670
-916
-895
42
763
-899
634
347
14
702
-55
91
608
450
-970
318
225
476
237
-204
778
523
108
730
-442
-981
746
-336
893
932
398
771
-878
-881
797
78
706
-860
882
-128
753
-872
216
-298
-711
107
571
-859
585
166
-316
516
100
310
-343
748
-849
304
328
-115
852
921
-969
-834
-30
45
-92
876
-990
201
533
-752
-604
-744
647
204
159
-885
334
605
-109
386
-534
909
-348
-106
750
-94
-562
-409
157
199
285
-558
884
-11
-278
-503
-825
112
-956
-661
-617
43
-453
-46
257
772
476
-373
-653
721
-902
-652
797
263
-592
-175
531
-576
280
-346
-92
586
963
668
100
836
426
86
-397
-431
92
-856
-978
-516
499
-4
561
408
-404
-713
353
667
262
-639
-231
44
-437
-270
-3
631
-80
-66
656
-323
918
106
-378
-470
-623
-332
855
-861
312
829
-292
547
-845
-334
-10
-865
700
300
-263
179
-241
-834
-855
791
897
798
647
694
963
913
668
877
-917
502
790
183
531
-424
-278
251
969
-92
837
40
262
-881
705
831
848
-454
-374
-995
-680
805
-336
334
968
174
-637
786
698
-671
198
976
-187
-153
97
-672
117
-404
-71
514
623
902
-878
607
-3
-779
706
-362
-840
881
-640
81
-150
698
690
-702
-98
314
497
480
735
-258
-640
207
91
896
-859
-157
-442
-815
-385
459
60
-507
224
687
-123
-818
211
545
-536
-578
13
99
-581
-536
-912
-313
148
-455
-170
-778
310
15
-341
-880
-543
158
339
665
-857
8
383
-244
-229
-281
364
-348
257
-870
15
831
324
-334
-72
856
330
-659
551
507
-96
-792
930
-27
334
536
527
-262
277
485
283
329
762
-531
709
-291
-530
-700
-730
738
587
874
305
-1
-664
-769
919
830
-972
642
-819
-726
516
-190
-147
-45
429
-723
-997
-465
-844
-967
-125
659
-700
-886
666
-279
-570
-65
-104
268
825
210
-86
-729
455
-36
-810
-674
767
274
950
321
322
378
231
-64
-25
-340
-809
246
253
-971
980
872
412
-670
-885
23
-122
-364
740
48
-815
56
-683
882
494
-891
-737
-600
-390
467
247
-872
285
308
640
388
969
-251
-653
307
359
-440
-243
-923
130
870
300
-132
-735
451
160
692
719
323
265
468
278
-175
711
-836
744
-630
830
-61
815
-175
121
-822
649
622
-289
198
-678
277
-598
-812
-525
-431
608
782
-29
973
-489
486
239
967
218
71
172
640
-192
-938
827
425
-900
176
714
169
-742
-198
-712
-26
-460
-1000
892
-964
357
654
-916
198
-710
648
883
412
934
436
949
384
852
273
-600
-775
-88
458
784
-219
39
897
-135
732
-749
738
-804
965
-858
-608
-584
-713
617
-454
-133
-946
-322
693
906
317
-632
818
618
269
906
45
-214
427
115
-744
-967
-778
-134
-568
-258
773
-801
100
542
236
-655
-415
-43
-635
442
-839
-445
-73
-584
8
-334
591
-747
-200
-513
-896
258
333
821
-920